22101106025
22101106029
22101107006
22101107010
22101107021
22101107025
22101107034
22101108005
22101108013
22101108024
22101108028
22101108030
22101108035
22101108037
22101108041
22101108043
22101109008
22101109052
22101109055
22101110015
22101110018
22101110037
22101110039
22101110041
22101110043
22101110051
22101110061
22101111018
22101111047
22101111059
22101113007
22101113023
22101113031
22101113038
22101113048
22101113050
22101117016
22101121006
22101123001
22101123004
22101124001
22101124002
22101124008
22101124009
22101124021
22101125036
22101125040
22101126039
22101127025
22101127027
22101127044
22101127053
22101128006
22101128015
22101128021
22101128041
22101128045
22101128049
22101130020
22101130027
22101130052
22101131009
22101131017
22101131025
22101132001
22101132014
22101132018
22101132030
22101132032
22101132037
22101132044
22101132049
22101132051
22101133020
22101133029
22101133031
22101134003
22101134013
22101134051
22101135003
22101135013
22101135017
22101135020
22101135022
22101135030
22101135031
22101135035
22101139001
22101140007
22101140010
22101140013
22101140014
22101141001
22101141004
22101141009
22101141019
22101141020
22101141028
22101141037
22101141040
22101141048
22101141051
22101141054
22101141056
22101141067
22101142019
22101142022
22101142031
22101142035
22101142036
22101144026
22101144046
22101144052
22101144053
22101145026
22101145034
22101145035
22101145038
22101145039
22101145040
22101146015
22101146019
22101146031
22101146033
22101146036
22101146038
22101146041
22101147007
22101147020
22101147031
22101147044
22101147052
22101148015
22101148024
22101148040
22101149002
22101149009
22101149010
22101149015
22101149016
22101149020
22101149021
22101149026
22101149029
22101149030
22101149032
22101149041
22101149042
22101150001
22101150002
22101150007
22101150011
22101150013
22101150028
22101150041
22101150046
22101150048
22101150067
22101151007
22101151019
22101151050
22101152022
22101152035
22101152041
22101152053
22101152058
22101152060
22101152063
22101152065
22101152085
22101152092
22101152094
22101153041
22101154024
22101154046
22101154068
22101154071
22101154073
22101154078
22101155004
22101155012
22101155028
22101155048
22101156018
22101156051
22101157008
22101157040
22101157041
22101157042
22101157043
22101157046
22101158009
22101158014
22101158020
22101158022
22101158038
22101158046
22101158052
22101159012
22101159024
22101159027
22101159032
22101159038
22101159043
22101159047
22101159049
22101165015
22101165017
22101165037
22102102001
22102102004
22102102007
22102102008
22102106008
22102106020
22102107009
22102107017
22102107028
22102107051
22102108023
22102108030
22102109006
22102109022
22102109031
22102109039
22102109042
22102109044
22102109049
22102110005
22102110052
22102111028
22102113007
22102113016
22102113026
22102113028
22102113031
22102113037
22102117023
22102117029
22102123004
22102123019
22102124021
22102124023
22102124024
22102125006
22102125009
22102125020
22102126025
22102126030
22102127016
22102127018
22102128014
22102128022
22102129004
22102129005
22102134009
22102135005
22102135008
22102135023
22102146007
22102146016
22102146018
22102147001
22102151001
22102151013
22102152001
22102153002
22102153003
22102156003
22102156004
22102159004
22102159009
22102159010
22102165002
22103106006
22103106007
22103106020
22103107002
22103107004
22103107009
22103107039
22103107044
22103107045
22103107058
22103108012
22103108017
22103108030
22103108048
22103108052
22103127002
22103127019
22103127022
22103127026
22103130014
22103131018
22103131033
22103131042
22103132004
22103132005
22103132007
22103132008
22103132010
22103132016
22103132021
22103132024
22103132025
22103132030
22103132032
22103133005
22103133013
22103133016
22103133022
22103133024
22103134002
22103134003
22103134005
22103134007
22103134009
22103134017
22103134019
22103134021
22103134030
22103134032
22103134033
22103135001
22103135002
22103135009
22103135010
22103135018
22103135020
22103135022
22103135030
22103135032
22103135034
22103135035
22103135040
22103135045
22103141004
22103141008
22103141009
22103141012
22103141014
22103141015
22103141019
22103144003
22103144009
22103144011
22103145002
22103145004
22103145008
22103146005
22103146006
22103146015
22103146019
22103146020
22103147014
22103147030
22103148006
22103148007
22103149008
22103150004
22103150008
22103150013
22103150020
22103150027
22103151010
22103153003
22103153005
22103153007
22103153010
22103153013
22103153019
22103153021
22103153025
22103153037
22103154005
22103155007
22103155018
22103155024
22103156004
22103157001
22103157004
22103157011
22103158004
22103158006
22103159002
22103159003
22103159018
22103159024
22103159025
22103159029
22103159031
22103159056
22103159059
22103159060
22103159065
22104102001
22104102003
22104102005
22104107001
22104108001
22104108027
22104108035
22104130011
22104130014
22104130028
22104130030
